20
58
C 1 73 72
C 16 88 87
C 2 69 68
C 4 23 22
S 6 7 13
S 17 18 208
S 3 4 136
S 1 2 349
C 3 36 35
S 7 8 290
C 8 141 140
S 9 10 319
C 11 119 118
S 6 7 17
S 4 5 144
S 9 10 335
C 15 163 162
C 7 151 150
S 1 2 31
C 17 178 177
S 18 19 358
C 18 104 103
S 4 5 127
C 10 47 46
C 19 88 87
S 8 9 307
S 15 16 256
S 8 9 35
C 5 187 186
S 3 4 164
S 10 11 113
C 14 66 65
C 20 227 226
S 12 13 26
S 17 18 186
S 14 15 72
S 13 14 99
S 13 14 216
S 15 16 50
S 5 6 33
S 10 11 79
C 13 97 96
S 12 13 80
C 9 108 107
S 16 17 36
S 2 3 209
S 7 8 47
S 14 15 169
S 18 19 322
C 12 201 200
S 11 12 30
C 6 296 295
S 2 3 82
S 19 20 278
S 11 12 232
S 16 17 194
S 5 6 175
S 19 20 302
58
S 18 19 131
S 12 13 318
C 12 319 318
S 18 19 113
S 7 8 240
C 16 66 65
S 10 11 3
C 9 141 140
C 20 28 27
S 2 3 293
S 16 17 305
C 5 318 317
S 8 9 273
C 6 36 35
S 11 12 243
S 15 16 202
S 6 7 354
C 11 93 92
C 18 300 299
C 3 241 240
S 3 4 30
S 15 16 224
S 9 10 244
C 19 154 153
C 8 301 300
S 14 15 94
S 16 17 171
C 14 347 346
S 4 5 128
S 19 20 22
S 5 6 276
C 13 160 159
S 8 9 193
C 17 357 356
S 7 8 188
S 10 11 346
C 4 60 59
S 17 18 266
S 1 2 12
S 11 12 245
C 2 141 140
C 15 293 292
S 6 7 263
S 17 18 188
S 13 14 45
C 10 88 87
S 14 15 166
S 2 3 282
S 3 4 208
S 19 20 251
S 4 5 204
S 1 2 124
S 13 14 17
S 9 10 29
S 12 13 292
S 5 6 82
C 1 9 8
C 7 78 77
57
C 10 89 88
S 16 17 330
S 7 8 152
C 6 254 253
S 11 12 324
C 3 31 30
C 19 6 5
S 9 10 285
C 15 264 263
S 14 15 182
S 15 16 90
S 11 12 246
S 17 19 223
S 12 13 73
C 8 28 27
C 7 97 96
C 5 47 46
S 10 11 48
S 13 14 8
S 8 9 113
C 9 108 107
S 1 2 109
S 1 2 118
S 12 13 30
S 13 14 15
S 15 16 100
S 6 7 231
S 17 18 66
S 4 5 176
S 4 5 110
S 16 17 300
C 16 48 47
S 5 6 120
S 2 3 19
C 17 343 342
S 3 4 76
S 6 7 176
S 2 3 262
C 12 332 331
S 18 19 288
S 5 6 184
S 14 15 56
C 1 343 342
C 11 114 113
S 7 8 165
S 3 4 208
C 18 29 28
S 9 10 268
C 20 356 355
S 10 11 60
S 19 20 241
S 19 20 252
C 14 221 220
C 13 318 317
C 2 52 51
C 4 228 227
S 8 9 115
58
S 12 13 295
S 13 14 303
S 8 9 293
S 16 17 196
C 11 21 20
S 14 15 30
C 13 96 95
S 5 6 263
C 5 143 142
S 2 3 277
C 8 58 57
S 7 8 46
C 7 64 63
S 1 2 1
C 16 75 74
S 7 8 230
S 11 12 43
S 10 11 354
S 6 7 278
S 14 15 93
S 10 11 333
C 9 126 125
C 12 211 210
S 9 10 143
S 8 9 29
S 15 16 186
S 19 20 263
C 6 330 329
C 17 119 118
C 2 15 14
S 13 14 49
S 17 18 236
C 18 228 227
S 1 2 302
C 20 24 23
S 16 17 35
C 1 246 245
S 2 3 279
S 9 10 256
C 19 8 7
S 11 12 83
S 12 13 32
S 15 16 134
S 4 5 19
S 4 5 23
S 3 4 59
C 15 344 343
S 19 20 146
S 6 7 175
C 10 1 0
S 5 6 234
C 3 187 186
C 14 131 130
C 4 4 3
S 18 19 224
S 17 18 20
S 18 19 246
S 3 4 10
57
S 4 6 188
S 16 17 359
C 10 109 108
S 18 19 96
S 10 11 282
S 12 13 29
S 7 8 149
S 19 20 2
S 19 20 6
S 7 8 61
C 2 90 89
C 15 139 138
S 13 14 327
S 14 15 305
S 6 7 244
C 6 241 240
S 11 12 105
C 19 347 346
S 8 9 282
C 7 352 351
C 3 153 152
S 11 12 355
C 5 209 208
C 20 52 51
S 15 16 302
S 10 11 121
C 12 315 314
S 16 17 238
S 5 6 316
S 13 14 359
C 1 195 194
S 9 10 299
S 2 3 51
S 18 19 220
C 16 172 171
C 13 232 231
C 14 216 215
S 3 4 25
S 6 7 336
C 4 174 173
S 17 18 321
C 8 253 252
S 4 5 10
S 1 2 1
C 11 285 284
S 1 2 71
S 9 10 309
S 3 4 235
S 2 3 80
S 15 16 126
C 18 313 312
C 17 112 111
S 17 18 335
C 9 182 181
S 8 9 70
S 14 15 234
S 12 13 109
58
S 4 5 42
C 17 247 246
C 10 157 156
C 3 188 187
S 15 16 15
C 2 215 214
C 11 241 240
S 5 6 24
S 19 20 353
C 8 179 178
C 9 211 210
S 13 14 27
C 14 278 277
S 10 11 161
S 12 13 315
S 5 6 98
S 12 13 210
S 16 17 74
S 10 11 176
S 7 8 242
S 8 9 26
S 17 18 178
S 14 15 262
C 6 136 135
S 4 5 183
S 1 2 133
S 13 14 217
S 19 20 66
S 17 18 19
S 14 15 123
C 4 141 140
C 20 250 249
S 7 8 249
C 5 134 133
S 2 3 0
S 11 12 193
S 3 4 190
C 18 241 240
C 16 152 151
S 16 17 140
S 18 19 226
S 9 10 17
C 13 201 200
C 19 79 78
S 8 9 116
S 11 12 106
S 6 7 61
S 15 16 36
S 3 4 6
S 9 10 50
C 12 40 39
C 15 336 335
S 2 3 290
C 1 91 90
C 7 77 76
S 18 19 177
S 1 2 167
S 6 7 169
58
S 3 4 276
C 14 215 214
S 12 13 15
S 5 6 261
S 7 8 319
C 15 97 96
S 2 3 190
S 9 10 314
S 16 17 316
C 7 149 148
C 20 240 239
C 4 266 265
S 11 12 44
S 13 14 36
S 15 16 35
S 18 19 110
S 1 2 344
C 17 278 277
S 3 4 47
S 16 17 134
C 11 133 132
S 12 13 315
S 10 11 50
C 13 72 71
S 7 8 173
S 17 18 71
C 2 85 84
S 11 12 96
S 18 19 299
C 16 136 135
S 15 16 256
S 8 9 328
S 4 5 129
S 8 9 208
S 14 15 220
S 17 18 275
S 9 10 189
S 5 6 121
S 19 20 290
C 18 290 289
C 19 155 154
S 6 7 298
C 10 113 112
S 4 5 175
S 10 11 254
C 9 163 162
S 6 7 174
C 12 193 192
S 19 20 307
C 6 50 49
C 1 280 279
S 13 14 304
C 3 94 93
C 5 315 314
S 14 15 12
S 2 3 118
S 1 2 352
C 8 46 45
57
C 11 4 3
S 4 5 205
S 13 14 335
S 3 4 251
C 18 308 307
C 5 78 77
S 15 16 76
S 1 2 3
S 7 8 139
S 9 10 300
S 9 10 193
S 6 7 349
S 10 11 229
S 11 12 280
S 2 3 8
C 8 36 35
S 19 20 112
S 12 13 357
S 10 11 286
S 16 17 200
S 1 2 185
C 9 145 144
C 16 56 55
S 12 13 24
S 11 12 265
S 18 19 321
C 17 207 206
C 10 162 161
S 14 15 138
C 15 55 54
S 14 15 299
C 19 65 64
C 12 242 241
C 6 272 271
S 15 16 48
C 7 68 67
S 13 14 342
S 5 6 163
C 2 218 217
S 7 8 203
C 3 15 14
C 20 313 312
S 19 20 201
S 18 19 341
S 2 3 323
S 17 18 217
S 3 4 357
S 8 9 324
C 14 357 356
S 16 17 155
S 8 9 270
C 4 359 358
S 5 6 117
S 6 7 50
C 13 313 312
S 4 5 56
C 1 229 228
58
S 13 14 225
S 11 12 245
S 19 20 160
C 4 93 92
S 14 15 15
C 6 126 125
S 1 2 343
C 9 321 320
C 18 260 259
S 15 16 169
S 8 9 161
C 14 350 349
S 3 4 229
S 18 19 161
C 13 229 228
C 1 206 205
C 5 122 121
S 5 6 178
S 10 11 53
C 16 335 334
S 4 5 94
C 7 273 272
C 15 226 225
S 16 17 158
S 17 18 121
S 11 12 292
S 5 6 182
S 9 10 186
S 2 3 353
C 10 162 161
S 19 20 133
S 10 11 177
S 9 10 249
S 16 17 149
C 8 236 235
S 15 16 121
C 3 93 92
S 18 19 192
C 11 58 57
S 17 18 44
S 14 15 62
S 12 13 124
S 7 8 347
C 17 319 318
C 12 297 296
C 19 39 38
S 6 7 65
S 7 8 338
S 12 13 317
S 13 14 35
S 1 2 22
S 4 5 110
S 2 3 20
S 6 7 72
C 2 104 103
S 8 9 342
S 3 4 24
C 20 230 229
57
C 1 46 45
C 19 350 349
C 8 166 165
S 15 16 213
S 8 9 133
C 6 216 215
S 19 20 173
C 18 256 255
S 3 4 191
C 14 357 356
S 15 16 206
S 18 19 336
C 7 99 98
C 17 157 156
S 6 7 12
S 11 12 199
S 19 20 340
S 7 8 111
S 7 8 132
S 2 3 30
S 18 19 264
S 13 14 89
S 12 13 3
S 4 5 222
S 9 10 139
S 12 13 177
S 5 6 241
C 15 321 320
S 8 9 0
S 11 12 281
C 5 149 148
S 9 10 317
S 5 6 40
S 16 17 301
S 14 15 325
C 3 187 186
C 2 9 8
S 1 2 341
C 9 209 208
C 12 306 305
C 13 278 277
S 10 11 63
S 4 5 226
S 14 15 50
C 11 35 34
S 1 2 212
S 2 3 46
C 16 267 266
C 4 177 176
S 6 7 85
S 10 11 61
S 3 4 221
C 10 294 293
S 13 14 15
S 17 18 300
S 17 18 327
C 20 346 345
57
C 6 160 159
S 18 19 106
C 12 63 62
C 8 68 67
S 16 17 297
S 2 3 333
C 17 50 49
C 13 29 28
C 19 72 71
S 8 9 335
S 14 15 348
S 10 12 316
C 18 47 46
S 18 19 163
S 6 7 296
C 15 247 246
C 14 4 3
S 7 8 36
C 10 320 319
S 14 15 320
C 1 89 88
S 19 20 19
C 7 308 307
S 11 12 10
S 15 16 103
S 6 7 214
C 11 241 240
S 10 11 248
S 13 14 107
C 20 340 339
C 16 188 187
S 2 3 336
S 7 8 15
S 3 4 7
S 8 9 257
C 2 67 66
C 3 332 331
S 4 5 180
S 5 6 253
S 17 18 241
S 17 18 49
C 5 52 51
S 13 14 286
S 19 20 340
S 12 13 157
S 3 4 137
S 16 17 344
C 4 216 215
S 4 5 103
S 1 2 304
S 9 10 27
S 1 2 4
S 12 13 310
S 5 6 181
S 9 10 82
C 9 134 133
S 15 16 181
58
C 19 330 329
S 7 8 246
S 19 20 58
S 10 11 17
S 4 5 353
C 6 232 231
C 18 150 149
S 15 16 6
S 12 13 278
S 6 7 62
C 20 111 110
S 14 15 100
C 15 243 242
S 5 6 125
S 11 12 249
S 13 14 76
C 16 98 97
S 3 4 268
C 1 257 256
C 8 32 31
C 4 77 76
S 17 18 349
C 3 135 134
C 9 359 358
S 1 2 140
S 4 5 95
S 8 9 270
S 13 14 120
S 9 10 243
S 14 15 104
S 2 3 221
S 11 12 239
S 6 7 94
S 15 16 82
S 12 13 266
C 14 336 335
S 18 19 1
C 11 16 15
S 7 8 128
C 13 353 352
S 16 17 0
S 17 18 8
C 12 280 279
C 10 343 342
C 7 308 307
S 18 19 145
C 2 99 98
C 5 13 12
S 8 9 147
S 16 17 346
S 5 6 23
S 10 11 274
C 17 189 188
S 2 3 11
S 9 10 224
S 3 4 20
S 1 2 160
S 19 20 57
57
S 1 2 8
S 17 18 262
S 12 13 66
C 11 111 110
C 17 10 9
C 20 142 141
S 3 4 168
S 12 13 310
C 5 176 175
S 19 20 211
S 11 12 127
S 3 4 104
C 6 287 286
S 2 3 90
S 7 9 25
C 12 106 105
S 8 9 62
C 13 303 302
C 1 338 337
S 4 5 157
S 13 14 14
C 9 82 81
C 2 80 79
S 4 5 84
S 16 17 58
S 19 20 317
C 14 233 232
S 18 19 23
S 11 12 313
S 16 17 168
C 4 271 270
S 2 3 343
C 19 135 134
C 16 337 336
C 3 348 347
S 5 6 40
S 10 11 344
C 10 218 217
S 1 2 10
S 6 7 212
S 5 6 144
C 15 86 85
C 7 300 299
S 6 7 339
S 7 8 293
S 15 16 119
S 15 16 202
S 9 10 160
S 14 15 142
S 10 11 83
S 17 18 200
S 18 19 26
C 18 295 294
S 13 14 359
C 8 326 325
S 9 10 90
S 14 15 194
58
C 18 161 160
C 1 346 345
S 12 13 310
S 8 9 232
C 7 128 127
C 5 112 111
S 11 12 131
C 11 163 162
S 14 15 168
S 7 8 176
S 16 17 277
C 14 246 245
C 4 32 31
S 6 7 147
S 3 4 295
S 13 14 65
S 10 11 278
S 2 3 290
S 18 19 12
S 19 20 145
S 19 20 143
S 18 19 62
C 2 239 238
S 11 12 56
S 13 14 55
S 6 7 134
C 9 326 325
S 17 18 45
S 5 6 89
S 16 17 239
C 17 293 292
C 15 66 65
S 12 13 169
S 15 16 307
C 12 46 45
S 15 16 136
S 9 10 289
S 10 11 261
S 17 18 25
S 5 6 12
C 20 175 174
S 1 2 111
C 13 101 100
C 6 324 323
S 14 15 218
S 8 9 214
S 4 5 299
S 2 3 324
S 3 4 199
C 8 139 138
C 3 6 5
S 4 5 326
C 10 73 72
C 19 66 65
S 7 8 28
C 16 12 11
S 1 2 202
S 9 10 142
58
S 19 20 226
S 10 11 288
C 10 84 83
C 12 147 146
S 11 12 79
C 9 44 43
S 18 19 206
S 3 4 311
S 7 8 271
C 11 174 173
S 8 9 160
S 12 13 35
S 17 18 53
S 12 13 253
S 6 7 3
S 4 5 214
C 20 153 152
C 17 56 55
S 2 3 63
S 8 9 121
C 1 84 83
S 2 3 95
C 4 20 19
C 14 234 233
S 15 16 131
S 16 17 298
C 6 103 102
S 9 10 279
C 13 81 80
S 1 2 167
S 13 14 176
C 18 205 204
S 14 15 103
S 18 19 319
S 16 17 147
S 7 8 289
S 6 7 159
C 2 251 250
S 5 6 74
C 19 80 79
C 15 312 311
C 8 256 255
S 19 20 285
S 9 10 191
C 16 77 76
C 5 89 88
C 7 96 95
S 5 6 174
S 15 16 255
S 13 14 180
C 3 176 175
S 3 4 246
S 14 15 143
S 4 5 1
S 1 2 132
S 17 18 121
S 10 11 187
S 11 12 291
58
C 15 304 303
S 17 18 339
S 14 15 314
S 1 2 195
S 1 2 210
S 9 10 170
C 6 11 10
S 7 8 114
S 9 10 99
C 16 167 166
C 19 122 121
C 7 356 355
S 13 14 103
S 10 11 23
S 19 20 325
C 4 331 330
C 20 332 331
S 18 19 17
C 13 344 343
S 6 7 215
C 2 161 160
S 18 19 122
S 12 13 128
C 10 8 7
S 12 13 194
S 2 3 180
S 4 5 311
C 11 58 57
C 3 139 138
S 5 6 247
C 17 293 292
C 18 42 41
S 16 17 24
S 14 15 329
S 16 17 86
S 10 11 24
S 15 16 326
S 8 9 34
S 3 4 36
C 8 296 295
C 9 31 30
S 7 8 234
S 4 5 229
S 5 6 316
S 19 20 137
C 12 111 110
S 11 12 177
S 13 14 316
C 5 184 183
C 1 352 351
C 14 37 36
S 8 9 270
S 15 16 95
S 2 3 128
S 11 12 332
S 3 4 34
S 6 7 188
S 17 18 31
58
S 19 20 154
C 17 286 285
C 5 72 71
C 19 279 278
S 9 10 110
S 16 17 232
C 12 129 128
S 17 18 19
S 19 20 218
S 5 6 266
S 9 10 307
S 5 6 310
S 10 11 75
S 13 14 234
S 18 19 204
S 1 2 39
S 3 4 323
S 8 9 327
S 14 15 347
C 9 140 139
S 17 18 9
S 1 2 93
C 15 21 20
C 20 48 47
C 10 172 171
C 3 97 96
S 7 8 71
S 6 7 135
S 14 15 160
S 4 5 226
S 4 5 44
S 2 3 339
C 13 247 246
C 7 31 30
C 11 124 123
S 11 12 344
S 12 13 35
C 14 139 138
S 12 13 313
C 16 155 154
S 7 8 132
S 2 3 333
C 2 159 158
S 8 9 123
S 16 17 175
S 15 16 272
S 15 16 241
S 3 4 26
S 6 7 74
C 4 104 103
C 18 20 19
C 8 224 223
S 18 19 94
C 6 256 255
S 11 12 3
C 1 354 353
S 13 14 205
S 10 11 56
58
C 20 258 257
S 6 7 359
C 3 180 179
S 17 18 248
C 7 222 221
S 8 9 106
S 15 16 136
C 2 346 345
S 10 11 290
C 1 171 170
C 5 230 229
S 12 13 313
S 10 11 188
S 18 19 270
S 3 4 22
S 19 20 122
C 8 57 56
C 9 187 186
C 10 1 0
S 4 5 348
S 16 17 20
S 11 12 11
S 19 20 24
S 15 16 155
S 3 4 35
S 14 15 20
C 16 312 311
C 19 307 306
S 17 18 359
C 12 198 197
S 13 14 324
S 13 14 276
C 4 334 333
S 18 19 226
S 2 3 88
S 9 10 215
S 8 9 102
S 7 8 26
C 6 60 59
S 4 5 224
S 5 6 342
S 12 13 126
S 1 2 264
S 7 8 30
S 1 2 322
S 5 6 273
S 2 3 118
C 15 28 27
C 17 129 128
C 18 11 10
C 13 189 188
S 9 10 283
S 14 15 252
C 14 84 83
S 11 12 346
S 6 7 36
S 16 17 253
C 11 327 326
58
S 9 10 191
C 12 267 266
S 14 15 246
C 18 164 163
S 6 7 228
C 4 72 71
C 14 167 166
C 1 280 279
C 16 106 105
S 15 16 301
C 10 236 235
C 19 278 277
S 14 15 354
S 17 18 59
S 7 8 280
S 8 9 72
S 18 19 49
C 15 3 2
S 4 5 77
C 6 227 226
C 3 74 73
S 12 13 327
C 11 204 203
S 13 14 285
S 16 17 333
C 8 104 103
S 8 9 96
S 17 18 187
S 3 4 83
S 5 6 184
S 1 2 202
S 4 5 282
S 16 17 134
S 19 20 63
C 5 36 35
S 10 11 339
S 6 7 269
S 11 12 185
S 18 19 38
C 20 183 182
S 5 6 140
C 13 137 136
S 2 3 95
S 15 16 110
S 1 2 156
S 3 4 123
C 17 78 77
C 9 261 260
C 7 233 232
S 11 12 119
S 13 14 211
S 9 10 358
S 7 8 5
S 2 3 198
S 19 20 7
S 12 13 320
S 10 11 4
C 2 13 12
58
S 13 14 59
C 8 357 356
S 19 20 282
C 12 10 9
C 14 98 97
S 15 16 290
S 17 18 14
C 16 26 25
S 6 7 57
S 8 9 104
S 17 18 104
S 2 3 79
S 3 4 38
C 18 221 220
S 8 9 334
S 16 17 289
S 1 2 224
C 7 66 65
C 19 31 30
S 4 5 308
S 13 14 67
S 10 11 236
C 1 132 131
S 6 7 356
S 3 4 59
S 9 10 21
S 16 17 320
C 13 92 91
S 12 13 25
S 2 3 31
S 5 6 317
S 7 8 256
C 15 112 111
C 10 352 351
S 10 11 56
S 12 13 251
S 1 2 155
S 19 20 17
C 17 278 277
S 14 15 214
C 5 239 238
C 11 324 323
S 11 12 248
S 7 8 159
S 9 10 4
S 14 15 136
S 11 12 44
S 5 6 120
S 4 5 285
C 20 245 244
S 18 19 146
C 6 242 241
S 15 16 326
S 18 19 167
C 3 304 303
C 9 336 335
C 2 283 282
C 4 195 194
