20
35
C 11 179 178
S 12 13 177
C 14 176 175
C 6 180 179
S 18 19 171
C 10 178 177
C 8 178 177
S 4 6 180
C 9 177 176
S 6 7 179
S 1 3 180
S 7 8 178
C 1 181 180
C 7 179 178
S 19 20 170
C 15 175 174
C 13 177 176
C 2 180 179
C 4 180 179
S 8 10 177
C 3 179 178
C 20 170 169
S 10 12 178
C 19 171 170
S 14 15 175
S 15 16 174
C 18 172 171
S 16 17 173
S 2 4 179
C 12 178 177
S 17 18 172
C 16 174 173
C 17 173 172
C 5 181 180
S 13 14 176
30
C 14 182 181
S 1 3 180
C 15 181 180
S 17 18 183
C 19 185 184
C 9 181 180
S 9 11 181
C 10 182 181
S 3 7 181
C 5 181 180
C 13 181 180
C 17 183 182
S 7 9 180
S 13 16 181
C 11 181 180
S 16 17 182
S 18 19 184
C 1 181 180
S 19 20 185
S 11 13 180
C 4 182 181
C 20 186 185
C 12 180 179
C 7 181 180
C 18 184 183
C 8 180 179
C 6 182 181
C 3 181 180
C 16 182 181
C 2 180 179
30
C 4 180 179
C 11 183 182
C 1 181 180
S 12 16 184
C 10 184 183
C 17 183 182
C 6 180 179
S 7 8 181
S 6 7 180
C 3 181 180
C 16 184 183
S 4 6 179
S 8 9 182
S 9 12 183
S 17 19 182
C 12 184 183
S 19 20 183
C 18 182 181
C 8 182 181
C 5 179 178
C 14 184 183
C 2 180 179
C 9 183 182
S 1 4 180
C 19 183 182
C 13 185 184
S 16 17 183
C 15 185 184
C 7 181 180
C 20 184 183
33
S 3 6 183
C 18 186 185
C 9 187 186
C 10 188 187
C 20 188 187
C 14 188 187
C 19 187 186
S 8 9 186
S 18 19 186
C 4 184 183
C 7 185 184
C 12 188 187
C 13 189 188
C 2 182 181
S 7 8 185
S 10 14 188
C 3 183 182
S 2 3 182
C 6 184 183
S 15 16 186
C 1 181 180
C 11 189 188
C 8 186 185
S 14 15 187
S 9 10 187
S 16 18 185
S 1 2 181
C 16 186 185
S 19 20 187
S 6 7 184
C 15 187 186
C 5 183 182
C 17 185 184
31
S 10 11 179
C 1 181 180
C 9 181 180
S 14 16 180
S 9 10 180
S 16 18 179
S 11 13 178
C 10 180 179
C 8 182 181
C 5 183 182
C 18 180 179
S 1 4 181
C 15 181 180
C 19 181 180
C 4 182 181
C 7 181 180
C 3 181 180
S 6 9 181
S 4 6 182
C 16 180 179
C 13 179 178
C 14 180 179
C 11 179 178
S 18 19 180
S 13 14 179
C 20 182 181
C 12 178 177
C 2 182 181
C 6 182 181
S 19 20 181
C 17 179 178
31
S 10 12 179
C 12 180 179
S 1 2 181
C 7 181 180
C 1 181 180
S 4 7 181
S 14 17 182
S 7 10 180
C 10 180 179
C 19 185 184
C 4 182 181
C 6 182 181
C 20 186 185
C 5 181 180
C 11 179 178
C 15 183 182
S 17 18 183
C 17 183 182
C 16 182 181
S 2 4 182
C 13 181 180
S 19 20 185
C 9 181 180
C 2 182 181
C 18 184 183
S 13 14 181
S 12 13 180
C 14 182 181
C 3 183 182
C 8 180 179
S 18 19 184
31
C 16 180 179
C 17 179 178
C 13 179 178
C 9 177 176
C 20 178 177
S 8 9 177
C 4 180 179
S 12 13 178
C 18 178 177
S 2 5 179
S 5 8 178
C 5 179 178
C 8 178 177
S 1 2 180
C 15 181 180
S 9 11 176
C 12 178 177
C 14 180 179
C 10 176 175
S 17 20 178
S 13 14 179
S 16 17 179
S 14 16 180
C 6 178 177
C 19 179 178
C 1 181 180
C 7 179 178
S 11 12 177
C 2 180 179
C 3 179 178
C 11 177 176
32
C 6 184 183
C 20 176 175
S 13 14 180
C 2 182 181
C 14 180 179
C 8 184 183
C 12 182 181
C 13 181 180
S 2 3 182
C 10 182 181
S 15 18 178
S 10 13 181
C 7 183 182
S 4 6 184
S 18 19 177
C 11 181 180
C 1 181 180
S 19 20 176
C 17 179 178
S 6 10 183
C 4 184 183
S 9 10 182
S 14 15 179
C 16 178 177
C 19 177 176
S 1 2 181
C 3 183 182
C 15 179 178
C 9 183 182
C 5 185 184
C 18 178 177
S 3 4 183
30
C 8 178 177
C 3 179 178
S 5 8 178
C 1 181 180
C 15 177 176
S 11 13 179
S 16 20 175
C 11 179 178
C 2 180 179
C 19 175 174
C 10 178 177
C 20 176 175
C 6 178 177
C 12 180 179
S 1 2 180
S 13 14 178
S 2 5 179
S 8 10 177
S 15 16 176
C 13 179 178
S 10 11 178
C 17 175 174
C 4 180 179
C 16 176 175
C 5 179 178
C 18 176 175
C 14 178 177
C 7 179 178
S 14 15 177
C 9 177 176
31
S 18 20 178
C 3 181 180
C 10 178 177
S 17 19 177
S 6 9 179
C 20 178 177
C 11 177 176
C 6 180 179
C 19 179 178
S 12 13 175
C 15 175 174
S 11 12 176
C 2 180 179
S 16 17 176
C 14 174 173
C 9 179 178
S 9 10 178
C 13 175 174
C 17 177 176
C 5 181 180
C 4 180 179
C 8 180 179
C 18 178 177
S 13 15 174
S 10 11 177
S 15 16 175
C 12 176 175
C 7 179 178
S 1 6 180
C 16 176 175
C 1 181 180
33
C 8 180 179
S 19 20 177
C 16 174 173
C 13 177 176
C 1 181 180
S 6 9 179
S 18 19 176
C 7 179 178
C 18 176 175
S 14 15 175
S 10 11 177
S 4 5 181
C 15 175 174
C 9 179 178
S 11 14 176
C 20 178 177
C 5 181 180
C 17 175 174
C 11 177 176
S 5 6 180
S 9 10 178
C 10 178 177
S 2 4 182
C 3 183 182
C 4 182 181
C 12 176 175
C 14 176 175
C 19 177 176
S 15 17 174
C 2 182 181
S 1 2 181
S 17 18 175
C 6 180 179
30
C 12 182 181
C 15 183 182
S 7 10 181
C 7 181 180
C 10 182 181
C 17 181 180
C 3 181 180
S 6 7 180
S 4 6 179
C 9 181 180
S 19 20 183
C 6 180 179
S 15 16 182
C 16 182 181
C 1 181 180
C 11 183 182
S 10 13 182
C 14 184 183
C 13 183 182
S 18 19 182
C 19 183 182
S 16 18 181
C 4 180 179
C 8 182 181
C 5 179 178
C 20 184 183
C 18 182 181
S 1 4 180
C 2 180 179
S 13 15 183
29
C 10 182 181
S 7 8 181
C 4 182 181
C 18 184 183
S 18 19 184
C 19 185 184
C 3 183 182
C 14 184 183
C 11 183 182
C 8 182 181
C 20 186 185
S 2 4 182
S 11 18 183
C 1 181 180
S 4 5 181
C 9 183 182
C 16 184 183
C 17 183 182
S 5 7 180
C 5 181 180
C 2 182 181
C 15 183 182
C 13 183 182
C 7 181 180
C 6 180 179
S 19 20 185
C 12 184 183
S 8 11 182
S 1 2 181
34
S 5 6 183
C 18 182 181
C 10 188 187
C 3 181 180
C 17 183 182
S 19 20 183
C 6 184 183
C 8 186 185
C 2 180 179
C 15 185 184
S 8 9 186
S 11 12 186
S 13 16 184
C 20 184 183
C 7 185 184
S 7 8 185
S 17 19 182
S 16 17 183
S 6 7 184
C 12 186 185
C 19 183 182
C 9 187 186
S 4 5 182
S 3 4 181
C 14 184 183
S 9 11 187
C 1 181 180
C 4 182 181
C 16 184 183
C 13 185 184
C 5 183 182
S 12 13 185
C 11 187 186
S 1 3 180
29
C 2 180 179
S 10 17 177
C 16 178 177
C 18 176 175
S 18 19 175
S 9 10 178
C 12 178 177
S 1 5 180
S 19 20 174
C 15 177 176
C 3 181 180
C 19 175 174
C 14 178 177
C 4 180 179
C 13 177 176
C 11 177 176
S 8 10 179
C 5 181 180
S 17 18 176
C 7 181 180
C 1 181 180
S 5 7 181
C 20 174 173
C 9 179 178
S 7 8 180
C 17 177 176
C 10 178 177
C 8 180 179
C 6 182 181
31
C 2 182 181
S 15 19 186
C 19 187 186
C 5 183 182
C 8 186 185
C 17 187 186
C 4 182 181
C 15 187 186
S 14 15 187
C 6 184 183
C 20 188 187
C 11 187 186
C 16 186 185
C 14 188 187
C 3 181 180
S 1 4 181
S 5 6 183
S 10 11 186
S 11 12 187
S 7 10 185
S 19 20 187
C 13 189 188
C 18 186 185
C 12 188 187
C 9 185 184
S 4 5 182
C 1 181 180
C 7 185 184
C 10 186 185
S 6 7 184
S 12 14 188
29
S 1 3 181
S 16 18 181
S 5 9 181
C 17 181 180
C 19 183 182
C 18 182 181
C 7 181 180
C 5 181 180
C 12 182 181
S 19 20 183
C 10 180 179
C 11 181 180
S 9 11 180
C 20 184 183
C 4 180 179
S 11 12 181
C 1 181 180
C 6 182 181
C 9 181 180
S 18 19 182
C 14 182 181
C 3 181 180
C 15 183 182
S 12 16 182
C 2 182 181
C 8 182 181
C 13 183 182
C 16 182 181
S 3 6 180
28
C 2 180 179
C 1 181 180
S 10 12 177
C 19 179 178
S 2 5 179
C 17 177 176
C 8 178 177
C 13 179 178
C 14 178 177
C 4 180 179
C 5 179 178
S 19 20 179
C 11 177 176
C 9 179 178
C 7 179 178
S 1 2 180
C 12 178 177
S 12 16 178
C 10 178 177
S 5 10 178
C 18 178 177
C 3 179 178
C 6 178 177
C 20 180 179
S 16 18 177
C 15 179 178
S 18 19 178
C 16 178 177
28
C 15 177 176
C 7 181 180
C 8 180 179
C 12 180 179
S 7 8 180
C 19 177 176
S 1 3 180
C 18 178 177
C 17 177 176
C 10 178 177
C 4 182 181
C 9 179 178
C 16 178 177
S 11 13 179
C 13 179 178
C 11 179 178
C 14 178 177
S 13 14 178
S 9 11 178
S 8 9 179
C 5 181 180
S 3 7 181
S 14 20 177
C 3 181 180
C 6 182 181
C 20 178 177
C 2 180 179
C 1 181 180
31
S 4 6 181
C 4 182 181
C 2 182 181
S 6 7 182
C 17 179 178
C 18 180 179
C 15 181 180
S 16 19 179
C 11 181 180
S 1 2 181
C 14 180 179
S 2 4 182
S 13 16 180
S 19 20 178
C 3 183 182
C 7 183 182
C 1 181 180
C 8 184 183
C 16 180 179
S 12 13 182
C 13 181 180
C 19 179 178
C 6 182 181
S 7 9 183
S 9 10 182
C 20 178 177
C 12 182 181
S 10 13 181
C 10 182 181
C 9 183 182
C 5 181 180
